0.38797 2.16846 0.00169
0.37511 2.16906 0.00170
0.40172 2.16478 0.00143
0.26815 2.17376 0.00170
0.45111 2.16561 0.00169
0.41923 2.16705 0.00169
0.25564 2.17438 0.00170
0.49954 2.16348 0.00169
0.37599 2.16906 0.00170
0.31395 2.17183 0.00171
0.30510 2.16930 0.00145
0.44971 2.16562 0.00169
0.63703 2.15260 0.00145
0.83763 2.14842 0.00167
0.32754 2.17106 0.00169
0.85672 2.14774 0.00169
0.39467 2.16540 0.00146
0.46300 2.16505 0.00168
0.86735 2.14728 0.00169
0.48096 2.16424 0.00168
0.31508 2.16892 0.00146
0.49564 2.16354 0.00168
0.29848 2.16971 0.00146
0.36974 2.16864 0.00146
0.38150 2.16604 0.00146
0.43477 2.16625 0.00149
0.37897 2.16905 0.00171
0.64105 2.15460 0.00146
0.91824 2.14303 0.00170
0.90846 2.14573 0.00170
0.72829 2.15319 0.00167
0.30742 2.17187 0.00168
0.49666 2.16342 0.00167
0.79437 2.14784 0.00166
0.31787 2.16898 0.00147
0.76349 2.14933 0.00166
0.21115 2.17614 0.00168
0.28141 2.17064 0.00147
0.22927 2.17524 0.00167
0.26755 2.17128 0.00148
0.76230 2.14984 0.00171
0.81506 2.14923 0.00165
0.32354 2.16883 0.00148
0.26791 2.17129 0.00148
0.33427 2.16837 0.00148
0.38350 2.16903 0.00173
0.36112 2.17004 0.00174
0.81078 2.15006 0.00172
0.35632 2.16747 0.00148
0.44470 2.16638 0.00174
0.91864 2.14529 0.00172
0.28290 2.17075 0.00149
0.18190 2.17531 0.00149
0.48448 2.16605 0.00165
0.42803 2.16224 0.00149
0.38740 2.16896 0.00174
0.26440 2.17443 0.00175
0.80554 2.14809 0.00173
0.18116 2.17533 0.00150
0.32257 2.17189 0.00175
0.78096 2.15042 0.00164
0.83443 2.14800 0.00163
0.28782 2.16852 0.00150
0.22081 2.17414 0.00177
0.23513 2.17587 0.00177
0.30969 2.17247 0.00176
0.30289 2.17393 0.00164
0.31382 2.16956 0.00150
0.34607 2.16976 0.00164
0.37346 2.16854 0.00164
0.37894 2.17174 0.00175
0.24453 2.17424 0.00164
0.37614 2.16839 0.00164
0.40442 2.16709 0.00163
0.47494 2.16388 0.00162
0.25708 2.17354 0.00163
0.78578 2.14722 0.00154
0.35694 2.16909 0.00162
0.29500 2.17180 0.00162
0.43376 2.16415 0.00149
0.41270 2.16653 0.00161
0.23393 2.17317 0.00151
0.72204 2.14946 0.00149
0.45867 2.16448 0.00161
0.36868 2.16844 0.00161
0.39045 2.16745 0.00161
0.32840 2.17056 0.00164
0.72377 2.15046 0.00159
0.29216 2.17176 0.00161
0.21144 2.17314 0.00160
0.34066 2.16642 0.00151
0.44546 2.16492 0.00160
0.78760 2.15161 0.00155
0.27298 2.17155 0.00152
0.72805 2.15237 0.00159
0.80626 2.15107 0.00158
0.85057 2.14692 0.00158
0.44043 2.16415 0.00151
0.32790 2.16915 0.00152
0.71587 2.15198 0.00151
0.76388 2.14986 0.00151
0.40113 2.16808 0.00152
0.68067 2.15217 0.00158
0.37137 2.16494 0.00150
0.43714 2.16765 0.00161
0.22138 2.17395 0.00153
0.36065 2.16848 0.00158
0.36006 2.16784 0.00153
0.34914 2.16896 0.00158
0.19623 2.17572 0.00158
0.33477 2.16898 0.00153
0.39032 2.16708 0.00157
0.80387 2.14842 0.00152
0.69977 2.15549 0.00156
0.83899 2.14677 0.00156
0.41466 2.16599 0.00157
0.84106 2.14937 0.00155
0.22155 2.17448 0.00157
0.33092 2.16920 0.00153
0.28227 2.17177 0.00157
0.69290 2.15318 0.00152
0.77024 2.14766 0.00152
0.43583 2.16676 0.00153
0.39808 2.16658 0.00156
0.51244 2.16321 0.00172
0.36870 2.16727 0.00172
0.68642 2.15570 0.00153
0.68211 2.15608 0.00155
0.42871 2.16502 0.00154
0.81057 2.14812 0.00153
0.22780 2.17395 0.00155
0.47597 2.16435 0.00167
0.24157 2.17392 0.00160
0.25336 2.17172 0.00146
0.21753 2.17661 0.00155
0.44543 2.16183 0.00151
0.32225 2.16879 0.00147
0.41289 2.16754 0.00152
0.50614 2.16346 0.00172
0.82830 2.14760 0.00155
0.47852 2.16716 0.00173
0.83238 2.14839 0.00165
0.45474 2.16383 0.00154
0.37232 2.16732 0.00175
0.88420 2.14463 0.00173
0.18819 2.17553 0.00153
0.68095 2.15367 0.00152
0.43081 2.16435 0.00150
0.23648 2.17388 0.00158
0.23021 2.17416 0.00158
0.34444 2.16917 0.00158
0.81099 2.14553 0.00151
0.47888 2.16385 0.00163
0.41605 2.16659 0.00163
0.41542 2.16659 0.00163
0.22722 2.17380 0.00154
0.42580 2.16596 0.00161
0.29046 2.17073 0.00151
0.46539 2.16397 0.00159
0.24193 2.17393 0.00160
0.22598 2.17464 0.00160
0.88703 2.14709 0.00175
0.80479 2.14588 0.00150
0.18966 2.17553 0.00154
0.66301 2.15425 0.00150
0.30807 2.17145 0.00164
0.43170 2.16435 0.00150
0.44410 2.16635 0.00174
0.28012 2.17152 0.00154
0.40154 2.16660 0.00157
0.66986 2.15237 0.00156
0.82921 2.14550 0.00156
0.68510 2.15147 0.00153
0.85713 2.14540 0.00166
0.72453 2.15346 0.00168
0.41809 2.16430 0.00145
0.77328 2.15138 0.00168
0.87272 2.14736 0.00172
0.26332 2.17351 0.00165
0.93868 2.13773 0.00175
0.78473 2.14727 0.00156
0.41737 2.16637 0.00145
0.80775 2.14960 0.00162
0.20256 2.17375 0.00164
0.47701 2.16475 0.00167
0.41243 2.16229 0.00144
0.31638 2.17268 0.00176
0.31009 2.17296 0.00176
0.29322 2.17089 0.00176
0.35370 2.16744 0.00144
0.37668 2.16646 0.00145
0.23544 2.17634 0.00177
0.86957 2.14687 0.00162
0.94885 2.14487 0.00175
0.63611 2.15509 0.00145
0.25791 2.17490 0.00172
0.36870 2.16694 0.00146
0.35593 2.16691 0.00162
0.31513 2.16934 0.00146
0.72782 2.15363 0.00167
0.29845 2.17014 0.00146
0.25303 2.17215 0.00146
0.21139 2.17654 0.00168
0.29556 2.17222 0.00162
0.49624 2.16394 0.00167
0.27937 2.16849 0.00146
0.37318 2.17009 0.00175
0.26263 2.17180 0.00147
0.89999 2.14331 0.00166
0.78501 2.14779 0.00160
0.45768 2.16495 0.00161
0.24223 2.17452 0.00162
0.69339 2.15295 0.00146
0.46923 2.16713 0.00161
0.28130 2.17105 0.00147
0.70557 2.15127 0.00160
0.46810 2.16185 0.00160
0.77095 2.14836 0.00159
0.25625 2.17479 0.00148
0.17993 2.17566 0.00148
0.33917 2.17014 0.00161
0.26266 2.17499 0.00175
0.41806 2.16514 0.00148
0.40371 2.16810 0.00168
0.21778 2.17411 0.00149
0.20596 2.17462 0.00149
0.88841 2.14922 0.00167
0.30962 2.17141 0.00160
0.22518 2.17514 0.00160
0.42829 2.16475 0.00149
0.48211 2.16463 0.00168
0.48939 2.16144 0.00166
0.38604 2.16890 0.00168
0.74732 2.15267 0.00166
0.32600 2.16933 0.00149
0.41161 2.16555 0.00149
0.77889 2.14840 0.00164
0.30489 2.17029 0.00149
0.25131 2.17489 0.00169
0.77446 2.14893 0.00167
0.37235 2.16953 0.00169
0.84980 2.14734 0.00158
0.81573 2.14962 0.00165
0.35229 2.16945 0.00160
0.27049 2.17461 0.00175
0.71083 2.15351 0.00158
0.49501 2.16409 0.00168
0.27874 2.17144 0.00175
0.36495 2.16885 0.00159
0.69629 2.15151 0.00158
0.22879 2.17572 0.00167
0.21135 2.17670 0.00169
0.23670 2.17449 0.00159
0.30663 2.17136 0.00159
0.79548 2.14704 0.00157
0.33048 2.16932 0.00151
0.23363 2.17362 0.00151
0.32388 2.16963 0.00151
0.22499 2.17404 0.00151
0.84316 2.14750 0.00157
0.49994 2.16390 0.00169
0.50256 2.16028 0.00173
0.19556 2.17620 0.00158
0.43856 2.16206 0.00151
0.37459 2.16824 0.00158
0.27273 2.16942 0.00152
0.43426 2.16731 0.00174
0.28925 2.16870 0.00152
0.44046 2.16703 0.00174
0.32759 2.16958 0.00152
0.67164 2.15433 0.00151
0.44544 2.16182 0.00152
0.31652 2.17236 0.00172
0.41547 2.16643 0.00157
0.45022 2.16613 0.00169
0.48494 2.16488 0.00172
0.24693 2.17479 0.00166
0.30303 2.17072 0.00152
0.92360 2.14560 0.00171
0.50644 2.16389 0.00172
0.23254 2.17449 0.00158
0.74577 2.15328 0.00171
0.36843 2.16730 0.00173
0.24926 2.17545 0.00174
0.26602 2.17245 0.00153
0.18789 2.17587 0.00153
0.26895 2.17420 0.00170
0.46438 2.16594 0.00174
0.22660 2.17426 0.00154
0.25500 2.17484 0.00170
0.68694 2.15423 0.00156
0.38503 2.16765 0.00156
0.31618 2.17156 0.00165
0.30576 2.16820 0.00154
0.29513 2.17127 0.00154
0.79072 2.14704 0.00155
0.20199 2.17795 0.00154
0.19394 2.17341 0.00157
0.23713 2.17595 0.00173
0.92753 2.14249 0.00171
0.77831 2.15188 0.00172
0.27933 2.17202 0.00154
0.79875 2.14896 0.00153
0.44139 2.16605 0.00164
0.26852 2.17252 0.00154
0.79874 2.14922 0.00155
0.45974 2.16426 0.00156
0.87394 2.14489 0.00171
0.31534 2.17048 0.00155
0.79347 2.15126 0.00172
0.45358 2.16436 0.00154
0.42789 2.16550 0.00154
0.42417 2.16583 0.00156
0.24170 2.17549 0.00171
0.21179 2.17264 0.00156
0.22875 2.17435 0.00155
0.81119 2.14849 0.00153
0.80973 2.15054 0.00172
0.83338 2.14876 0.00165
0.29731 2.16873 0.00155
0.46520 2.16513 0.00166
0.45777 2.16525 0.00164
0.21801 2.17486 0.00155
0.32780 2.17001 0.00155
0.30227 2.17485 0.00164
0.34657 2.17020 0.00164
0.71777 2.15527 0.00154
0.37434 2.16796 0.00155
0.47700 2.16503 0.00170
0.38270 2.16952 0.00173
0.86360 2.14797 0.00170
0.21912 2.17680 0.00174
0.43064 2.16223 0.00150
0.26471 2.17502 0.00176
0.82822 2.14551 0.00156
0.88729 2.14731 0.00174
0.41795 2.16471 0.00145
0.83313 2.14865 0.00163
0.77227 2.14914 0.00168
0.72461 2.15388 0.00168
0.24222 2.17593 0.00176
0.89585 2.14369 0.00169
0.18415 2.17356 0.00153
0.84112 2.14644 0.00173
0.85923 2.14827 0.00171
0.80457 2.15105 0.00173
0.30992 2.17163 0.00162
0.48006 2.15887 0.00163
0.75131 2.15196 0.00161
0.87118 2.14507 0.00172
0.82450 2.14714 0.00172
0.44581 2.16676 0.00174
0.36970 2.16764 0.00151
0.82738 2.14289 0.00155
0.68813 2.15421 0.00156
0.29061 2.17214 0.00159
0.46389 2.16432 0.00158
0.27032 2.17177 0.00149
0.40168 2.16699 0.00157
0.84467 2.14812 0.00156
0.21833 2.17733 0.00174
0.47191 2.16281 0.00173
0.91927 2.14618 0.00172
0.27722 2.17309 0.00158
0.30706 2.17009 0.00173
0.31857 2.17300 0.00174
0.87159 2.14834 0.00172
0.40272 2.16266 0.00143
0.43523 2.16557 0.00153
0.38982 2.16493 0.00157
0.39867 2.16601 0.00173
0.42105 2.16836 0.00173
0.77827 2.15239 0.00172
0.87262 2.14489 0.00171
0.35347 2.16496 0.00144
0.23703 2.17652 0.00173
0.25926 2.17219 0.00173
0.21994 2.17749 0.00176
0.76281 2.15307 0.00171
0.28016 2.17315 0.00160
0.37036 2.17056 0.00173
0.31652 2.17325 0.00176
0.36491 2.16940 0.00159
0.30743 2.16814 0.00154
0.26473 2.17064 0.00160
0.44180 2.16738 0.00172
0.46138 2.16653 0.00172
0.92270 2.14261 0.00170
0.94870 2.14181 0.00175
0.36314 2.16462 0.00145
0.44755 2.16508 0.00154
0.26709 2.16997 0.00154
0.46595 2.16493 0.00159
0.83036 2.14999 0.00171
0.30562 2.16720 0.00145
0.44642 2.16584 0.00160
0.22826 2.17681 0.00172
0.34977 2.16825 0.00145
0.22649 2.17564 0.00161
0.25185 2.17359 0.00153
0.29146 2.17279 0.00161
0.90686 2.14651 0.00170
0.34008 2.17064 0.00161
0.35543 2.16779 0.00171
0.77111 2.14831 0.00159
0.37335 2.16818 0.00153
0.37998 2.16697 0.00146
0.36747 2.16753 0.00146
0.36819 2.16754 0.00146
0.29903 2.16761 0.00146
0.22019 2.17490 0.00153
0.46925 2.16175 0.00161
0.91545 2.14282 0.00169
0.28045 2.16845 0.00146
0.31609 2.17098 0.00155
0.24743 2.17430 0.00157
0.26734 2.17347 0.00157
0.45665 2.16553 0.00161
0.31718 2.17058 0.00152
0.40904 2.16578 0.00146
0.35307 2.17014 0.00161
0.24088 2.17610 0.00171
0.45770 2.16497 0.00157
0.32772 2.17009 0.00152
0.45333 2.16488 0.00154
0.42893 2.16287 0.00154
0.43990 2.16508 0.00151
0.74834 2.15339 0.00168
0.37042 2.16885 0.00157
0.85306 2.14871 0.00168
0.35524 2.16694 0.00162
0.30724 2.17037 0.00147
0.21226 2.17724 0.00170
0.83794 2.14956 0.00167
0.25055 2.17549 0.00169
0.22930 2.17084 0.00148
0.48167 2.16192 0.00168
0.36131 2.16842 0.00150
0.19776 2.17639 0.00156
0.44494 2.16183 0.00151
0.80792 2.14691 0.00162
0.25341 2.17320 0.00150
0.49599 2.16286 0.00167
0.28306 2.17153 0.00148
0.37736 2.16764 0.00150
0.47626 2.16532 0.00167
0.21004 2.17389 0.00168
0.84201 2.14602 0.00166
0.23306 2.17403 0.00150
0.22886 2.17628 0.00167
0.45960 2.16166 0.00156
0.30136 2.16870 0.00156
0.46362 2.16476 0.00157
0.82318 2.14947 0.00162
0.30394 2.17084 0.00150
0.43362 2.16204 0.00149
0.24129 2.17042 0.00148
0.37331 2.16954 0.00164
0.32148 2.16781 0.00156
0.46550 2.16566 0.00166
0.42459 2.16639 0.00156
0.45393 2.16497 0.00155
0.34515 2.17081 0.00164
0.41852 2.16562 0.00148
0.78665 2.14739 0.00155
0.34070 2.17114 0.00166
0.21163 2.17581 0.00156
0.42826 2.16525 0.00149
0.27405 2.17409 0.00166
0.35528 2.16846 0.00149
0.40040 2.16841 0.00165
0.47115 2.16205 0.00164
0.18899 2.17680 0.00156
0.72313 2.15083 0.00164
0.71602 2.15053 0.00157
0.22944 2.17422 0.00175
0.47335 2.16947 0.00174
0.75307 2.14975 0.00164
0.73866 2.15018 0.00164
0.43330 2.16456 0.00174
0.41904 2.16856 0.00174
0.82444 2.14949 0.00163
0.41209 2.16230 0.00144
0.84179 2.14971 0.00173
0.38697 2.16665 0.00175
0.75397 2.14943 0.00163
0.87021 2.14871 0.00173
0.23637 2.17498 0.00159
0.37244 2.16732 0.00175
0.20311 2.17686 0.00162
0.23413 2.17266 0.00166
0.79326 2.14929 0.00150
0.93196 2.14591 0.00172
0.25795 2.16981 0.00149
0.24258 2.17649 0.00176
0.79854 2.14945 0.00153
0.48039 2.16153 0.00163
0.88520 2.14479 0.00174
0.77021 2.15065 0.00152
0.30897 2.17359 0.00176
0.72572 2.15455 0.00168
0.43317 2.16636 0.00159
0.78496 2.15046 0.00156
0.83488 2.14920 0.00165
0.37705 2.16694 0.00145
0.38217 2.16757 0.00151
0.65936 2.15863 0.00153
0.68040 2.15487 0.00154
0.67542 2.15463 0.00151
0.50365 2.16471 0.00173
0.80335 2.15184 0.00150
0.71155 2.15084 0.00158
0.48347 2.16556 0.00172
0.47851 2.16491 0.00164
0.23669 2.17686 0.00177
0.21468 2.17225 0.00154
0.27851 2.17037 0.00163
0.84372 2.14884 0.00165
0.19592 2.17673 0.00158
0.17983 2.17609 0.00148
0.19863 2.17534 0.00148
0.26529 2.17390 0.00160
0.22778 2.17475 0.00154
0.26696 2.17425 0.00164
0.47629 2.16479 0.00162
0.62973 2.15597 0.00146
0.18407 2.17661 0.00154
0.38355 2.16689 0.00146
0.50420 2.16129 0.00172
0.82853 2.14538 0.00156
0.37281 2.16747 0.00147
0.86955 2.14736 0.00162
0.79489 2.14791 0.00166
0.84210 2.14492 0.00157
0.79286 2.14849 0.00172
0.72647 2.15095 0.00167
0.34788 2.16872 0.00148
0.25292 2.16966 0.00146
0.21700 2.17545 0.00155
0.20315 2.17695 0.00164
0.19438 2.17340 0.00157
0.19505 2.17274 0.00151
0.63473 2.15581 0.00145
0.80284 2.14910 0.00152
0.26437 2.17306 0.00153
0.69354 2.15345 0.00146
0.88747 2.14706 0.00167
0.76884 2.15266 0.00170
0.72571 2.15012 0.00158
0.20710 2.17559 0.00153
0.49292 2.16504 0.00171
0.85533 2.14785 0.00161
0.92041 2.14622 0.00170
0.83198 2.14599 0.00163
0.69757 2.15457 0.00158
0.29429 2.17419 0.00176
0.36372 2.17066 0.00171
0.28204 2.16878 0.00150
0.78573 2.14773 0.00160
0.30264 2.17124 0.00152
0.18790 2.17638 0.00153
0.32863 2.17205 0.00169
0.88910 2.15127 0.00175
0.88252 2.14741 0.00168
0.40024 2.16648 0.00149
0.41253 2.16889 0.00175
0.77450 2.14902 0.00169
0.27176 2.17482 0.00172
0.32272 2.17095 0.00152
0.30853 2.17004 0.00173
0.36062 2.16774 0.00174
0.35519 2.16780 0.00171
0.31646 2.17373 0.00174
0.25006 2.17674 0.00174
0.30819 2.17185 0.00154
0.27832 2.17546 0.00175
0.25657 2.17425 0.00155
0.35949 2.16577 0.00153
0.35443 2.16492 0.00145
0.37232 2.16888 0.00153
0.45299 2.16178 0.00154
0.41549 2.16878 0.00168
0.40578 2.16513 0.00167
0.25163 2.17021 0.00150
0.28456 2.17438 0.00166
0.39832 2.16916 0.00165
0.35477 2.17001 0.00156
0.44039 2.16247 0.00155
0.21080 2.17262 0.00156
0.35663 2.16899 0.00149
0.38355 2.16533 0.00159
0.35143 2.17084 0.00161
0.25637 2.17506 0.00161
0.26817 2.17439 0.00160
0.35623 2.16868 0.00146
0.46545 2.16558 0.00159
0.45280 2.16607 0.00159
0.24723 2.17499 0.00157
0.47309 2.16274 0.00173
0.36590 2.16618 0.00159
0.27846 2.17388 0.00160
0.44369 2.16245 0.00157
0.25761 2.17019 0.00152
0.34768 2.16701 0.00160
0.21351 2.17785 0.00169
0.36861 2.16453 0.00146
0.72655 2.15416 0.00159
0.47929 2.16202 0.00168
0.42661 2.16263 0.00152
0.29845 2.17126 0.00146
0.31696 2.16749 0.00152
0.83691 2.14636 0.00167
0.28888 2.17438 0.00169
0.21583 2.17649 0.00158
0.29613 2.17020 0.00169
0.44747 2.16643 0.00160
0.22233 2.17534 0.00151
0.30848 2.16779 0.00151
0.42921 2.16284 0.00154
0.49945 2.16514 0.00169
0.40737 2.16828 0.00160
0.29114 2.16962 0.00161
0.90062 2.14706 0.00167
0.25361 2.17045 0.00153
0.49478 2.16518 0.00168
0.34858 2.17111 0.00163
0.72271 2.15067 0.00160
0.36136 2.16905 0.00150
0.21180 2.17778 0.00168
0.29585 2.16826 0.00150
0.22914 2.17085 0.00147
0.35929 2.17147 0.00170
0.48960 2.16150 0.00167
0.22822 2.17697 0.00167
0.21417 2.17155 0.00148
0.78793 2.14708 0.00155
0.26524 2.17088 0.00162
0.31603 2.17396 0.00176
0.31347 2.17256 0.00162
0.26687 2.17377 0.00155
0.30656 2.16717 0.00145
0.81445 2.15021 0.00160
0.29014 2.17213 0.00150
0.33567 2.16697 0.00154
0.22116 2.17408 0.00175
0.29105 2.17234 0.00152
0.43278 2.16206 0.00149
0.91517 2.14668 0.00169
0.26065 2.17626 0.00175
0.48227 2.16168 0.00165
0.49230 2.16166 0.00171
0.25870 2.17513 0.00163
0.29919 2.17050 0.00175
0.47226 2.16588 0.00165
0.45818 2.16554 0.00156
0.22945 2.17353 0.00174
0.34900 2.16528 0.00145
0.45382 2.16566 0.00155
0.26920 2.17403 0.00157
0.19785 2.17592 0.00148
0.22907 2.17346 0.00172
0.24495 2.17117 0.00156
0.32271 2.17045 0.00148
0.42635 2.16592 0.00149
0.21944 2.17806 0.00174
0.19311 2.17267 0.00149
0.33876 2.16871 0.00174
0.48130 2.16528 0.00163
0.82188 2.14631 0.00162
0.91192 2.14306 0.00171
0.18893 2.17744 0.00156
0.38996 2.16555 0.00164
0.20570 2.17208 0.00149
0.40031 2.16993 0.00173
0.51198 2.16491 0.00172
0.23001 2.17556 0.00156
0.42138 2.16501 0.00173
0.87313 2.14513 0.00171
0.79870 2.14701 0.00156
0.40364 2.16877 0.00163
0.21272 2.17226 0.00154
0.71877 2.15413 0.00158
0.86856 2.14834 0.00162
0.64980 2.15556 0.00145
0.81054 2.14588 0.00153
0.76226 2.14799 0.00150
0.22228 2.17250 0.00159
0.43899 2.16211 0.00151
0.48479 2.16610 0.00172
0.26381 2.16998 0.00153
0.21743 2.17607 0.00155
0.38427 2.16745 0.00146
0.91691 2.14292 0.00172
0.78184 2.15122 0.00157
0.28999 2.17231 0.00151
0.31004 2.16875 0.00160
0.85503 2.14523 0.00167
0.79428 2.14840 0.00172
0.40415 2.16547 0.00169
0.93046 2.14268 0.00172
0.26116 2.16936 0.00147
0.44271 2.16410 0.00173
0.88592 2.14803 0.00166
0.20633 2.17627 0.00153
0.40162 2.16275 0.00143
0.46134 2.16559 0.00158
0.30216 2.17345 0.00165
0.43940 2.16834 0.00174
0.37673 2.16393 0.00144
0.34609 2.17005 0.00153
0.85368 2.14930 0.00168
0.72504 2.15120 0.00166
0.72460 2.15459 0.00164
0.71872 2.15399 0.00156
0.72528 2.15037 0.00158
0.69604 2.15452 0.00153
0.73542 2.15458 0.00168
0.75130 2.15034 0.00170
0.19497 2.17276 0.00151
0.88241 2.14812 0.00166
0.20934 2.17301 0.00159
0.26511 2.17139 0.00167
0.19540 2.17336 0.00157
0.86139 2.14546 0.00169
0.46453 2.16641 0.00166
0.88458 2.14450 0.00174
0.24275 2.17718 0.00176
0.80236 2.14601 0.00151
0.85767 2.14928 0.00167
0.74636 2.14882 0.00154
0.70579 2.15333 0.00147
0.28069 2.16844 0.00146
0.79916 2.14996 0.00153
0.29702 2.16876 0.00155
0.82712 2.14689 0.00172
0.94831 2.14177 0.00175
0.84141 2.14896 0.00157
0.44108 2.16810 0.00172
0.74744 2.15428 0.00168
0.25783 2.16982 0.00149
0.42568 2.16207 0.00147
0.84462 2.14858 0.00156
0.73499 2.14997 0.00161
0.38043 2.16755 0.00146
0.37110 2.16737 0.00175
0.75978 2.14984 0.00171
0.92325 2.14681 0.00171
0.38659 2.16668 0.00175
0.77573 2.15284 0.00169
0.47631 2.16596 0.00167
0.71184 2.14984 0.00148
0.68835 2.15153 0.00156
0.84043 2.14671 0.00173
0.19642 2.17355 0.00158
0.81550 2.14945 0.00152
0.77046 2.15322 0.00170
0.18592 2.17726 0.00154
0.41243 2.16227 0.00144
0.28821 2.17499 0.00174
0.41224 2.16688 0.00175
0.23230 2.17277 0.00166
0.80253 2.15236 0.00173
0.22094 2.17348 0.00168
0.78618 2.15145 0.00160
0.43294 2.16588 0.00150
0.47787 2.16173 0.00164
0.23539 2.17345 0.00177
0.80329 2.14937 0.00150
0.79207 2.15022 0.00150
0.26589 2.17106 0.00164
0.40432 2.16256 0.00143
0.21647 2.17725 0.00158
0.42672 2.16765 0.00156
0.41136 2.16230 0.00144
0.45847 2.16177 0.00156
0.39182 2.17034 0.00166
0.19798 2.17769 0.00156
0.21020 2.17275 0.00156
0.39821 2.16297 0.00144
0.37814 2.16823 0.00145
0.35432 2.16927 0.00145
0.43830 2.16703 0.00156
0.36303 2.16457 0.00145
0.48828 2.16148 0.00166
0.46470 2.16719 0.00166
0.69578 2.15549 0.00155
0.34722 2.16688 0.00158
0.41223 2.16944 0.00166
0.30108 2.17442 0.00167
0.48299 2.16622 0.00165
0.38400 2.17080 0.00167
0.45916 2.16652 0.00158
0.40418 2.16720 0.00145
0.26637 2.17136 0.00167
0.34958 2.16526 0.00145
0.22860 2.17775 0.00167
0.32913 2.16618 0.00145
0.84288 2.14559 0.00165
0.49061 2.16145 0.00167
0.40499 2.16521 0.00167
0.33194 2.16761 0.00159
0.47426 2.16219 0.00167
0.39523 2.16756 0.00146
0.34712 2.16782 0.00168
0.31405 2.16688 0.00146
0.49235 2.16134 0.00167
0.21178 2.17747 0.00159
0.80016 2.14696 0.00156
0.24034 2.17262 0.00168
0.40354 2.16534 0.00168
0.45390 2.16221 0.00159
0.26852 2.17138 0.00168
0.22000 2.17828 0.00169
0.28980 2.17046 0.00169
0.76989 2.14931 0.00167
0.27809 2.17538 0.00166
0.27760 2.17012 0.00160
0.49560 2.16608 0.00168
0.21360 2.17389 0.00169
0.29780 2.16767 0.00146
0.30638 2.16837 0.00155
0.47910 2.16684 0.00169
0.72587 2.15041 0.00158
0.49712 2.16128 0.00169
0.41724 2.16485 0.00169
0.34620 2.16988 0.00147
0.46260 2.16174 0.00157
0.40759 2.16724 0.00147
0.32740 2.16792 0.00160
0.33158 2.17057 0.00147
0.28506 2.17498 0.00165
0.47499 2.16240 0.00170
0.46278 2.16645 0.00160
0.23704 2.17286 0.00170
0.22941 2.17330 0.00170
0.38015 2.16613 0.00165
0.77704 2.15352 0.00169
0.39834 2.16327 0.00147
0.34693 2.16808 0.00171
0.47110 2.16167 0.00160
0.30459 2.16746 0.00147
0.45384 2.16172 0.00154
0.49121 2.15693 0.00171
0.22369 2.17712 0.00161
0.29592 2.16788 0.00147
0.22920 2.17522 0.00148
0.21174 2.17594 0.00148
0.76932 2.14860 0.00159
0.50156 2.16140 0.00171
0.26807 2.17478 0.00157
0.40637 2.16558 0.00172
0.33990 2.16745 0.00161
0.29307 2.17056 0.00172
0.40360 2.16319 0.00147
0.22911 2.17338 0.00172
0.46296 2.16305 0.00172
0.48492 2.16209 0.00172
0.43982 2.16895 0.00172
0.81047 2.15099 0.00160
0.36869 2.16729 0.00172
0.33692 2.17349 0.00173
0.25194 2.16987 0.00148
0.72245 2.15494 0.00160
0.47023 2.16636 0.00161
0.44359 2.16222 0.00154
0.51075 2.16575 0.00172
0.40066 2.16589 0.00173
0.34754 2.17307 0.00173
0.45347 2.16252 0.00161
0.27607 2.17146 0.00173
0.23693 2.17803 0.00173
0.42265 2.16493 0.00173
0.24312 2.17028 0.00148
0.41451 2.16347 0.00154
0.38144 2.17161 0.00173
0.91573 2.14804 0.00172
0.44390 2.16747 0.00161
0.19973 2.17229 0.00148
0.33916 2.17350 0.00174
0.22000 2.17404 0.00174
0.79399 2.14869 0.00172
0.36122 2.17256 0.00174
0.24977 2.17263 0.00174
0.86917 2.14540 0.00172
0.33171 2.17287 0.00165
0.81254 2.14643 0.00160
0.27899 2.17137 0.00175
0.22809 2.17857 0.00175
0.36941 2.16742 0.00174
0.35423 2.16983 0.00148
0.34383 2.17341 0.00175
0.30046 2.17051 0.00175
0.26082 2.17229 0.00175
0.25568 2.17074 0.00156
0.38759 2.17148 0.00175
0.22988 2.17190 0.00156
0.22162 2.17892 0.00175
0.82423 2.15112 0.00163
0.41891 2.16701 0.00148
0.24114 2.17800 0.00176
0.28555 2.17455 0.00162
0.44134 2.16254 0.00157
0.42089 2.16306 0.00153
0.30139 2.17323 0.00156
0.78724 2.14703 0.00155
0.22102 2.17185 0.00152
0.41538 2.16315 0.00152
0.20408 2.17659 0.00149
0.42492 2.16720 0.00152
0.21410 2.17211 0.00152
0.32997 2.16692 0.00152
0.47916 2.16158 0.00163
0.24440 2.17067 0.00151
0.28877 2.17307 0.00151
0.36189 2.16976 0.00151
0.19550 2.17337 0.00157
0.23957 2.17215 0.00163
0.39925 2.17252 0.00150
0.19639 2.17271 0.00151
0.31480 2.16740 0.00150
0.20542 2.17228 0.00150
0.25194 2.17020 0.00150
0.45731 2.16189 0.00156
0.30342 2.17220 0.00149
0.23212 2.17244 0.00162
0.43358 2.16649 0.00149
0.45101 2.16760 0.00165
0.34395 2.16766 0.00164
0.23754 2.17345 0.00176
0.74265 2.14945 0.00159
0.22108 2.17320 0.00166
0.23094 2.17756 0.00166
0.93079 2.14266 0.00172
0.71120 2.15420 0.00148
0.88592 2.14839 0.00166
0.64901 2.15195 0.00145
0.24781 2.17442 0.00148
0.89824 2.14828 0.00167
0.86621 2.14537 0.00170
0.45731 2.16254 0.00163
0.90313 2.14796 0.00170
0.72381 2.15535 0.00164
0.87014 2.14407 0.00162
0.43899 2.16211 0.00151
0.80758 2.14716 0.00162
0.92365 2.14757 0.00171
0.25477 2.17684 0.00170
0.62701 2.15298 0.00145
0.78427 2.15328 0.00170
0.67238 2.15256 0.00157
0.18762 2.17376 0.00156
0.88627 2.14438 0.00174
0.80114 2.14911 0.00173
0.32401 2.17341 0.00166
0.30000 2.17259 0.00145
0.21082 2.17236 0.00154
0.75237 2.14944 0.00163
0.20510 2.17824 0.00162
0.29473 2.17084 0.00176
0.25942 2.17375 0.00147
0.30926 2.17339 0.00161
0.25016 2.17654 0.00157
0.22745 2.17745 0.00157
0.44073 2.16258 0.00157
0.19896 2.17338 0.00157
0.39517 2.16297 0.00143
0.38459 2.16339 0.00143
0.46189 2.16720 0.00157
0.87658 2.13891 0.00172
0.43087 2.16856 0.00157
0.40356 2.16267 0.00143
0.45841 2.16173 0.00156
0.43633 2.16840 0.00158
0.45499 2.16318 0.00169
0.37735 2.16907 0.00144
0.41658 2.16728 0.00144
0.45545 2.16711 0.00155
0.21665 2.17820 0.00159
0.39621 2.16316 0.00145
0.68087 2.15733 0.00157
0.36047 2.16472 0.00145
0.19342 2.17928 0.00159
0.46958 2.16186 0.00161
0.33731 2.16564 0.00144
0.45294 2.16191 0.00156
0.21334 2.17295 0.00159
0.29969 2.17262 0.00145
0.28932 2.16788 0.00145
0.32530 2.16796 0.00159
0.39488 2.16849 0.00145
0.27657 2.17518 0.00156
0.80169 2.14664 0.00158
0.69393 2.15180 0.00158
0.46287 2.16184 0.00159
0.31128 2.16698 0.00146
0.34624 2.16710 0.00160
0.49609 2.16698 0.00169
0.23957 2.17728 0.00160
0.76703 2.15407 0.00159
0.64853 2.15190 0.00145
0.44640 2.16276 0.00160
0.37728 2.16412 0.00146
0.22054 2.17819 0.00161
0.74203 2.14981 0.00159
0.71858 2.15084 0.00159
0.62466 2.15300 0.00145
0.36825 2.17172 0.00161
0.47244 2.16250 0.00169
0.47181 2.16170 0.00161
0.45130 2.16251 0.00161
0.44338 2.16286 0.00161
0.25715 2.17114 0.00161
0.34604 2.16555 0.00146
0.81133 2.14683 0.00160
0.31356 2.16869 0.00161
0.20913 2.17280 0.00156
0.33475 2.16782 0.00162
0.20565 2.17363 0.00162
0.29972 2.17282 0.00147
0.77684 2.14914 0.00169
0.25976 2.17458 0.00147
0.42011 2.16297 0.00152
0.40545 2.16821 0.00147
0.41507 2.17074 0.00170
0.35689 2.17335 0.00171
0.49169 2.15604 0.00170
0.45766 2.16315 0.00170
0.90069 2.14328 0.00169
0.47726 2.16210 0.00168
0.29625 2.16786 0.00147
0.23082 2.17602 0.00147
0.35309 2.16788 0.00171
0.23870 2.17221 0.00163
0.75419 2.15591 0.00170
0.49425 2.16740 0.00171
0.19808 2.18273 0.00148
0.46820 2.16846 0.00171
0.37569 2.16692 0.00172
0.40291 2.16318 0.00147
0.24912 2.16479 0.00147
0.76974 2.15251 0.00151
0.35251 2.16765 0.00168
0.36565 2.16551 0.00153
0.46202 2.16315 0.00172
0.43264 2.17019 0.00172
0.33464 2.16876 0.00172
0.42306 2.16287 0.00152
0.20988 2.17689 0.00148
0.69186 2.15148 0.00154
0.44176 2.16205 0.00152
0.77494 2.14941 0.00171
0.49704 2.16118 0.00168
0.39920 2.16595 0.00172
0.36940 2.16726 0.00172
0.23289 2.17903 0.00173
0.48541 2.16793 0.00173
0.22469 2.17837 0.00164
0.27606 2.17139 0.00173
0.91220 2.14342 0.00171
0.45591 2.16822 0.00163
0.37967 2.17263 0.00173
0.82545 2.15256 0.00172
0.46996 2.16292 0.00173
0.42250 2.17074 0.00173
0.92839 2.14277 0.00172
0.83479 2.14645 0.00167
0.33131 2.16639 0.00148
0.25097 2.17515 0.00148
0.23873 2.17625 0.00152
0.24345 2.17025 0.00148
0.86707 2.14549 0.00172
0.79530 2.14866 0.00173
0.24702 2.17237 0.00169
0.40775 2.17150 0.00174
0.36399 2.17345 0.00174
0.34296 2.16856 0.00174
0.30053 2.17638 0.00175
0.19975 2.17220 0.00148
0.21337 2.17953 0.00168
0.26807 2.17131 0.00168
0.31554 2.17571 0.00176
0.24075 2.17914 0.00176
0.47456 2.16186 0.00165
0.17860 2.17301 0.00149
0.33701 2.16801 0.00165
0.41255 2.16491 0.00168
0.42100 2.16255 0.00148
0.49513 2.16120 0.00167
0.39564 2.16890 0.00148
0.43820 2.16229 0.00153
0.72278 2.15109 0.00164
0.37873 2.17181 0.00165
0.19724 2.17767 0.00149
0.38589 2.16469 0.00153
0.45272 2.16176 0.00154
0.44377 2.16330 0.00165
0.40712 2.17073 0.00167
0.46109 2.16276 0.00167
0.39239 2.16380 0.00149
0.40698 2.16385 0.00154
0.28091 2.17054 0.00166
0.47269 2.16215 0.00167
0.49355 2.16684 0.00167
0.34088 2.16611 0.00149
0.26672 2.17692 0.00167
0.72202 2.15256 0.00149
0.42684 2.16239 0.00149
0.19800 2.16738 0.00150
0.67075 2.15226 0.00153
0.72639 2.16210 0.00165
0.41283 2.16304 0.00149
0.24947 2.17028 0.00150
0.70124 2.15622 0.00153
0.49147 2.16695 0.00166
0.46591 2.16237 0.00166
0.31726 2.16730 0.00150
0.32337 2.17436 0.00166
0.41313 2.16352 0.00154
0.84061 2.14557 0.00165
0.74815 2.15529 0.00165
0.22486 2.17873 0.00167
0.39907 2.16890 0.00150
0.79881 2.14597 0.00151
0.24741 2.16981 0.00146
0.42397 2.16223 0.00147
0.38293 2.16451 0.00151
0.65828 2.15764 0.00152
0.88423 2.14487 0.00174
0.44023 2.16205 0.00151
0.70842 2.14997 0.00147
0.87385 2.14422 0.00173
0.39357 2.16307 0.00143
0.38509 2.16344 0.00143
0.66431 2.15244 0.00156
0.23948 2.17180 0.00160
0.40791 2.16252 0.00144
0.83814 2.14606 0.00164
0.37885 2.16383 0.00144
0.22669 2.17314 0.00168
0.34467 2.16533 0.00144
0.42713 2.16454 0.00170
0.29029 2.16837 0.00149
0.37938 2.16492 0.00153
0.39971 2.17298 0.00174
0.68022 2.15227 0.00157
0.35922 2.17097 0.00145
0.31953 2.16651 0.00145
0.19363 2.18147 0.00159
0.84422 2.14456 0.00157
0.32953 2.16611 0.00145
0.80536 2.15321 0.00157
0.72187 2.15054 0.00158
0.45937 2.16193 0.00159
0.42294 2.17022 0.00159
0.39866 2.16923 0.00145
0.80153 2.14656 0.00158
0.45658 2.16855 0.00158
0.29160 2.17404 0.00146
0.78008 2.14785 0.00156
0.19725 2.18006 0.00158
0.22934 2.17205 0.00157
0.23098 2.17224 0.00161
0.21663 2.17287 0.00161
0.74390 2.14975 0.00160
0.30950 2.17330 0.00146
0.65843 2.15183 0.00145
0.64953 2.15797 0.00145
0.37478 2.16424 0.00146
0.81133 2.14683 0.00160
0.34883 2.16538 0.00146
0.44764 2.16940 0.00161
0.25602 2.17121 0.00162
0.19772 2.18059 0.00162
0.24774 2.17103 0.00156
0.27975 2.17465 0.00146
0.29050 2.17637 0.00162
0.67061 2.15208 0.00155
0.23788 2.17208 0.00162
0.24477 2.16995 0.00146
0.20390 2.18045 0.00163
0.80433 2.14727 0.00161
0.63454 2.15909 0.00145
0.19536 2.17347 0.00156
0.62464 2.15297 0.00145
0.25907 2.17565 0.00147
0.82336 2.15965 0.00162
0.29866 2.16770 0.00147
0.45332 2.16276 0.00163
0.23516 2.17235 0.00164
0.22898 2.17702 0.00147
0.42735 2.16311 0.00155
0.22104 2.17300 0.00164
0.20555 2.17386 0.00164
0.22022 2.17741 0.00147
0.39627 2.16529 0.00164
0.42058 2.16227 0.00147
0.20885 2.17282 0.00156
0.21094 2.17173 0.00148
0.30213 2.16857 0.00156
0.50184 2.17148 0.00165
0.19797 2.17859 0.00148
0.47603 2.16177 0.00165
0.33971 2.17464 0.00165
0.33442 2.16715 0.00155
0.44417 2.17005 0.00165
0.22409 2.17308 0.00167
0.76926 2.14915 0.00165
0.40434 2.16930 0.00147
0.25966 2.17682 0.00155
0.35542 2.17258 0.00155
0.50205 2.16093 0.00166
0.45204 2.16191 0.00154
0.18134 2.17293 0.00148
0.72127 2.15808 0.00167
0.40536 2.16525 0.00167
0.24671 2.17226 0.00168
0.67344 2.15217 0.00153
0.21166 2.17380 0.00169
0.24701 2.17018 0.00148
0.84671 2.14592 0.00167
0.76730 2.14896 0.00167
0.86398 2.15189 0.00167
0.88991 2.14408 0.00167
0.29956 2.16853 0.00154
0.35306 2.16543 0.00148
0.40949 2.17013 0.00154
0.73404 2.15097 0.00168
0.49523 2.16148 0.00169
0.47022 2.16258 0.00169
0.85455 2.14570 0.00168
0.31262 2.16792 0.00154
0.41234 2.17204 0.00170
0.33385 2.16700 0.00154
0.35228 2.16787 0.00171
0.18245 2.17300 0.00149
0.90027 2.14379 0.00169
0.44009 2.16233 0.00153
0.75667 2.14972 0.00170
0.42163 2.16882 0.00149
0.19982 2.17243 0.00149
0.29194 2.17068 0.00172
0.46201 2.17003 0.00172
0.43536 2.16425 0.00172
0.80142 2.14824 0.00171
0.20634 2.16610 0.00153
0.77530 2.14895 0.00171
0.67536 2.15103 0.00148
0.36578 2.16551 0.00153
0.23284 2.18018 0.00173
0.34049 2.17552 0.00173
0.91088 2.14349 0.00171
0.34269 2.16605 0.00149
0.65237 2.15840 0.00149
0.31105 2.16988 0.00173
0.27928 2.17139 0.00174
0.82285 2.15424 0.00172
0.25083 2.17662 0.00150
0.41266 2.16945 0.00150
0.39853 2.16998 0.00150
0.37598 2.16467 0.00150
0.77834 2.17082 0.00173
0.47119 2.16288 0.00173
0.93097 2.14949 0.00172
0.72244 2.15537 0.00149
0.66999 2.15188 0.00150
0.20251 2.17890 0.00151
0.87879 2.14442 0.00172
0.25615 2.17029 0.00153
0.25561 2.17239 0.00174
0.41838 2.16313 0.00152
0.18177 2.17316 0.00151
0.21930 2.17399 0.00175
0.76741 2.14784 0.00151
0.79571 2.14866 0.00173
0.36418 2.16767 0.00175
0.34438 2.16852 0.00175
0.79849 2.14648 0.00151
0.40739 2.16578 0.00175
0.23920 2.17096 0.00151
0.87598 2.14519 0.00174
0.29918 2.17058 0.00176
0.31584 2.17689 0.00176
0.28447 2.17827 0.00176
0.22143 2.17403 0.00176
0.88529 2.14484 0.00174
0.71402 2.15007 0.00150
0.44367 2.16185 0.00152
0.24229 2.18033 0.00177
0.18650 2.16686 0.00152
0.21837 2.17184 0.00152
0.79282 2.15804 0.00150
0.18426 2.17996 0.00154
0.17570 2.16962 0.00149
0.84437 2.14608 0.00174
0.84811 2.15312 0.00172
0.78540 2.14744 0.00155
0.83975 2.14523 0.00156
0.46404 2.16216 0.00162
0.21155 2.17422 0.00173
0.21879 2.17951 0.00152
0.41887 2.16297 0.00152
0.36251 2.17335 0.00153
0.20174 2.17254 0.00152
0.44089 2.17001 0.00154
0.40676 2.16370 0.00154
0.44820 2.16207 0.00154
0.38822 2.17244 0.00155
0.26022 2.17044 0.00155
0.43299 2.16270 0.00155
0.33489 2.17490 0.00156
0.24713 2.17108 0.00157
0.23367 2.17109 0.00151
0.23002 2.17204 0.00157
0.39080 2.16322 0.00143
0.40746 2.16995 0.00144
0.46093 2.16166 0.00157
0.43403 2.16300 0.00157
0.46014 2.16187 0.00159
0.32549 2.16795 0.00159
0.40156 2.17259 0.00160
0.46947 2.16159 0.00160
0.44794 2.16261 0.00161
0.34648 2.17513 0.00161
0.28620 2.16869 0.00151
0.28960 2.16974 0.00161
0.37188 2.16493 0.00150
0.38823 2.16545 0.00162
0.25602 2.17923 0.00162
0.23905 2.17205 0.00163
0.34138 2.16548 0.00144
0.31758 2.16727 0.00150
0.39349 2.16543 0.00164
0.47744 2.16183 0.00164
0.24765 2.17789 0.00150
0.41545 2.16464 0.00166
0.46627 2.16253 0.00167
0.30002 2.16984 0.00167
0.35763 2.16482 0.00145
0.26525 2.17956 0.00168
0.22906 2.17300 0.00168
0.24797 2.18038 0.00169
0.28940 2.16841 0.00149
0.32754 2.16618 0.00145
0.36913 2.16491 0.00149
0.39550 2.16325 0.00145
0.29209 2.16779 0.00145
0.34950 2.16781 0.00169
0.47278 2.16245 0.00169
0.28610 2.17066 0.00170
0.49754 2.16942 0.00170
0.40784 2.16535 0.00170
0.23228 2.17306 0.00170
0.35478 2.17604 0.00171
0.38938 2.16398 0.00149
0.30869 2.17458 0.00146
0.49632 2.16158 0.00171
0.45884 2.16312 0.00171
0.28934 2.17068 0.00172
0.43578 2.16420 0.00172
0.39416 2.16611 0.00172
0.23363 2.16508 0.00172
0.19775 2.17235 0.00149
0.35852 2.16772 0.00172
0.37835 2.17520 0.00173
0.33494 2.16880 0.00173
0.34551 2.16554 0.00146
0.29857 2.16792 0.00149
0.31445 2.16722 0.00149
0.31120 2.16988 0.00174
0.27411 2.17152 0.00174
0.39251 2.16635 0.00174
0.25627 2.17234 0.00174
0.23764 2.17316 0.00174
0.42006 2.16259 0.00148
0.36405 2.17606 0.00175
0.34974 2.16558 0.00148
0.19581 2.17225 0.00148
0.30121 2.17514 0.00147
0.39939 2.16320 0.00147
0.42890 2.16991 0.00150
0.41414 2.16234 0.00144
0.20022 2.17247 0.00151
0.21064 2.17406 0.00169
0.21076 2.17290 0.00159
0.27804 2.17075 0.00166
0.43776 2.16361 0.00165
0.25740 2.17751 0.00152
0.19633 2.17327 0.00156
0.21356 2.17299 0.00161
0.20641 2.17274 0.00155
0.24872 2.17013 0.00148
0.25786 2.17021 0.00153
0.37729 2.16391 0.00144
0.78999 2.14064 0.00172
0.22061 2.17320 0.00166
0.18005 2.17319 0.00151
0.42119 2.16236 0.00147
0.22683 2.17084 0.00147
0.19663 2.18201 0.00162
0.18046 2.17297 0.00148
0.77192 2.14953 0.00171
0.18593 2.17328 0.00152
0.29461 2.16190 0.00165
0.19845 2.17383 0.00163
0.19224 2.17358 0.00158
0.44186 2.16974 0.00152
0.38985 2.16423 0.00151
0.27721 2.16849 0.00146
0.49941 2.16082 0.00164
0.20431 2.17265 0.00154
0.21991 2.17194 0.00151
0.22307 2.17311 0.00164
0.50667 2.16125 0.00172
0.91006 2.15170 0.00172
0.22175 2.17152 0.00151
0.25766 2.16944 0.00147
0.22322 2.17114 0.00148
0.29376 2.16850 0.00152
0.23078 2.17224 0.00161
0.22305 2.17201 0.00155
0.24224 2.17762 0.00147
0.40719 2.16579 0.00175
0.24029 2.18188 0.00177
0.22154 2.17403 0.00176
0.31481 2.16989 0.00176
0.47878 2.16946 0.00163
0.45085 2.17086 0.00163
0.71540 2.15100 0.00160
0.73879 2.15047 0.00165
0.79587 2.15694 0.00173
0.72354 2.14994 0.00158
0.43695 2.16444 0.00174
0.69167 2.15149 0.00154
0.41340 2.16198 0.00143
0.47201 2.17105 0.00174
0.80550 2.15512 0.00162
0.80190 2.14691 0.00156
0.66839 2.15144 0.00149
0.79517 2.14661 0.00151
0.77523 2.14923 0.00169
0.86478 2.14568 0.00174
0.75236 2.15854 0.00171
0.80309 2.14764 0.00171
0.18254 2.18133 0.00154
0.76996 2.14914 0.00165
0.67647 2.15245 0.00157
0.77667 2.14736 0.00156
